Step = 1, Time = 0.00714241, Error = 0, Rho change =0
Step = 2, Time = 0.0142848, Error = 0, Rho change =0
